{
    "camera_angle_x": 0.6911112070100762,
    "frames": [
        {
            "file_path": "./train/800_train_1",
            "rotation": 0.012566370614359171,
            "transform_matrix": [
                [
                    -0.04995805025100708,
                    0.9987512826919556,
                    0.0,
                    -0.0
                ],
                [
                    0.4780060350894928,
                    0.023910105228424072,
                    0.8780310750007629,
                    -0.43901556730270386
                ],
                [
                    0.8769347071647644,
                    0.04386472329497337,
                    -0.47860366106033325,
                    -2.7606985569000244
                ],
                [
                    0.0,
                    0.0,
                    0.0,
                    1.0
                ]
            ]
        },
        {
            "file_path": "./train/800_train_2",
            "rotation": 0.012566370614359171,
            "transform_matrix": [
                [
                    0.3287443220615387,
                    -0.9444188475608826,
                    0.0,
                    -0.0
                ],
                [
                    -0.13837286829948425,
                    -0.048166438937187195,
                    0.9892080426216125,
                    -0.49460405111312866
                ],
                [
                    -0.934226930141449,
                    -0.32519659399986267,
                    -0.14651641249656677,
                    -2.926741600036621
                ],
                [
                    0.0,
                    0.0,
                    0.0,
                    1.0
                ]
            ]
        },
        {
            "file_path": "./train/800_train_3",
            "rotation": 0.012566370614359171,
            "transform_matrix": [
                [
                    -0.8379150629043579,
                    0.545800507068634,
                    0.0,
                    -0.0
                ],
                [
                    -0.01607060246169567,
                    -0.024671651422977448,
                    0.9995661973953247,
                    -0.49978309869766235
                ],
                [
                    0.545563817024231,
                    0.8375517129898071,
                    0.029444096609950066,
                    -3.014721393585205
                ],
                [
                    0.0,
                    0.0,
                    0.0,
                    1.0
                ]
            ]
        },
        {
            "file_path": "./train/800_train_4",
            "rotation": 0.012566370614359171,
            "transform_matrix": [
                [
                    -0.036460984498262405,
                    0.9993351101875305,
                    0.0,
                    -0.0
                ],
                [
                    -0.676590621471405,
                    -0.0246855728328228,
                    0.735945463180542,
                    -0.36797261238098145
                ],
                [
                    0.735456109046936,
                    0.026833293959498405,
                    0.6770407557487488,
                    -3.338520050048828
                ],
                [
                    0.0,
                    0.0,
                    0.0,
                    1.0
                ]
            ]
        },
        {
            "file_path": "./train/800_train_5",
            "rotation": 0.012566370614359171,
            "transform_matrix": [
                [
                    -0.036460984498262405,
                    0.9993351101875305,
                    0.0,
                    -0.0
                ],
                [
                    -0.676590621471405,
                    -0.0246855728328228,
                    0.735945463180542,
                    -0.36797261238098145
                ],
                [
                    0.735456109046936,
                    0.026833293959498405,
                    0.6770407557487488,
                    -3.338520050048828
                ],
                [
                    0.0,
                    0.0,
                    0.0,
                    1.0
                ]
            ]
        },
        {
            "file_path": "./train/800_train_6",
            "rotation": 0.012566370614359171,
            "transform_matrix": [
                [
                    -0.8169410824775696,
                    0.57672119140625,
                    0.0,
                    -5.960464477539063e-08
                ],
                [
                    0.5360245704650879,
                    0.759293258190155,
                    0.36898648738861084,
                    -0.1844933032989502
                ],
                [
                    0.21280232071876526,
                    0.30144020915031433,
                    -0.9294345378875732,
                    -2.5352816581726074
                ],
                [
                    0.0,
                    0.0,
                    0.0,
                    1.0
                ]
            ]
        },
        {
            "file_path": "./train/800_train_7",
            "rotation": 0.012566370614359171,
            "transform_matrix": [
                [
                    -0.8169410824775696,
                    0.57672119140625,
                    0.0,
                    -5.960464477539063e-08
                ],
                [
                    0.5360245704650879,
                    0.759293258190155,
                    0.36898648738861084,
                    -0.1844933032989502
                ],
                [
                    0.21280232071876526,
                    0.30144020915031433,
                    -0.9294345378875732,
                    -2.5352816581726074
                ],
                [
                    0.0,
                    0.0,
                    0.0,
                    1.0
                ]
            ]
        },
        {
            "file_path": "./train/800_train_8",
            "rotation": 0.012566370614359171,
            "transform_matrix": [
                [
                    -0.8047052621841431,
                    0.5936744809150696,
                    0.0,
                    -0.0
                ],
                [
                    -0.5433311462402344,
                    -0.736466646194458,
                    0.40299877524375916,
                    -0.20149946212768555
                ],
                [
                    0.2392500936985016,
                    0.3242952525615692,
                    0.9152004718780518,
                    -3.4576003551483154
                ],
                [
                    0.0,
                    0.0,
                    0.0,
                    1.0
                ]
            ]
        },
        {
            "file_path": "./train/800_train_9",
            "rotation": 0.012566370614359171,
            "transform_matrix": [
                [
                    0.8543134331703186,
                    -0.5197580456733704,
                    0.0,
                    -0.0
                ],
                [
                    0.1082562804222107,
                    0.17793816328048706,
                    0.9780685901641846,
                    -0.4890342950820923
                ],
                [
                    -0.5083590745925903,
                    -0.8355772495269775,
                    0.20828206837177277,
                    -3.104140520095825
                ],
                [
                    0.0,
                    0.0,
                    0.0,
                    1.0
                ]
            ]
        },
        {
            "file_path": "./train/800_train_10",
            "rotation": 0.012566370614359171,
            "transform_matrix": [
                [
                    -0.6627712249755859,
                    0.7488219738006592,
                    0.0,
                    -7.450580596923828e-09
                ],
                [
                    0.747195303440094,
                    0.6613314747810364,
                    0.06587731838226318,
                    -0.03293865919113159
                ],
                [
                    0.04933037981390953,
                    0.04366159066557884,
                    -0.9978277087211609,
                    -2.5010862350463867
                ],
                [
                    0.0,
                    0.0,
                    0.0,
                    1.0
                ]
            ]
        },
        {
            "file_path": "./train/800_train_11",
            "rotation": 0.012566370614359171,
            "transform_matrix": [
                [
                    -0.9535501599311829,
                    -0.3012342154979706,
                    0.0,
                    -1.1920928955078125e-07
                ],
                [
                    -0.026542406529188156,
                    0.08401939272880554,
                    0.9961104393005371,
                    -0.49805521965026855
                ],
                [
                    -0.3000625669956207,
                    0.9498412609100342,
                    -0.08811219036579132,
                    -2.9559433460235596
                ],
                [
                    0.0,
                    0.0,
                    0.0,
                    1.0
                ]
            ]
        },
        {
            "file_path": "./train/800_train_12",
            "rotation": 0.012566370614359171,
            "transform_matrix": [
                [
                    -0.9535501599311829,
                    -0.3012342154979706,
                    0.0,
                    -1.1920928955078125e-07
                ],
                [
                    -0.026542406529188156,
                    0.08401939272880554,
                    0.9961104393005371,
                    -0.49805521965026855
                ],
                [
                    -0.3000625669956207,
                    0.9498412609100342,
                    -0.08811219036579132,
                    -2.9559433460235596
                ],
                [
                    0.0,
                    0.0,
                    0.0,
                    1.0
                ]
            ]
        },
        {
            "file_path": "./train/800_train_13",
            "rotation": 0.012566370614359171,
            "transform_matrix": [
                [
                    -0.999974250793457,
                    -0.007180484477430582,
                    0.0,
                    1.862645149230957e-09
                ],
                [
                    -0.00028966498211957514,
                    0.040339551866054535,
                    0.9991858005523682,
                    -0.4995929002761841
                ],
                [
                    -0.007174638099968433,
                    0.9991600513458252,
                    -0.040340591222047806,
                    -2.9798290729522705
                ],
                [
                    0.0,
                    0.0,
                    0.0,
                    1.0
                ]
            ]
        },
        {
            "file_path": "./train/800_train_14",
            "rotation": 0.012566370614359171,
            "transform_matrix": [
                [
                    -0.0382496677339077,
                    -0.9992682933807373,
                    0.0,
                    3.725290298461914e-09
                ],
                [
                    -0.8897712826728821,
                    0.034058377146720886,
                    0.4551341235637665,
                    -0.2275668978691101
                ],
                [
                    -0.4548010230064392,
                    0.01740872673690319,
                    -0.8904228210449219,
                    -2.55478835105896
                ],
                [
                    0.0,
                    0.0,
                    0.0,
                    1.0
                ]
            ]
        },
        {
            "file_path": "./train/800_train_15",
            "rotation": 0.012566370614359171,
            "transform_matrix": [
                [
                    -0.3618825376033783,
                    -0.9322237968444824,
                    0.0,
                    -0.0
                ],
                [
                    0.3836807906627655,
                    -0.14894211292266846,
                    0.9113755226135254,
                    -0.4556877613067627
                ],
                [
                    -0.8496057987213135,
                    0.32981082797050476,
                    0.4115758538246155,
                    -3.2057876586914062
                ],
                [
                    0.0,
                    0.0,
                    0.0,
                    1.0
                ]
            ]
        },
        {
            "file_path": "./train/800_train_16",
            "rotation": 0.012566370614359171,
            "transform_matrix": [
                [
                    0.9792740941047668,
                    -0.20253975689411163,
                    0.0,
                    -0.0
                ],
                [
                    0.19133804738521576,
                    0.925114095211029,
                    0.327953577041626,
                    -0.16397684812545776
                ],
                [
                    -0.06642363220453262,
                    -0.32115641236305237,
                    0.9446937441825867,
                    -3.472346544265747
                ],
                [
                    0.0,
                    0.0,
                    0.0,
                    1.0
                ]
            ]
        },
        {
            "file_path": "./train/800_train_17",
            "rotation": 0.012566370614359171,
            "transform_matrix": [
                [
                    -0.8749536871910095,
                    -0.4842064678668976,
                    0.0,
                    -0.0
                ],
                [
                    -0.43805232644081116,
                    0.7915538549423218,
                    0.42608967423439026,
                    -0.2130448818206787
                ],
                [
                    -0.20631541311740875,
                    0.3728087842464447,
                    -0.9046808481216431,
                    -2.547659397125244
                ],
                [
                    0.0,
                    0.0,
                    0.0,
                    1.0
                ]
            ]
        },
        {
            "file_path": "./train/800_train_18",
            "rotation": 0.012566370614359171,
            "transform_matrix": [
                [
                    -0.8749536871910095,
                    -0.4842064678668976,
                    0.0,
                    -0.0
                ],
                [
                    -0.43805232644081116,
                    0.7915538549423218,
                    0.42608967423439026,
                    -0.2130448818206787
                ],
                [
                    -0.20631541311740875,
                    0.3728087842464447,
                    -0.9046808481216431,
                    -2.547659397125244
                ],
                [
                    0.0,
                    0.0,
                    0.0,
                    1.0
                ]
            ]
        },
        {
            "file_path": "./train/800_train_19",
            "rotation": 0.012566370614359171,
            "transform_matrix": [
                [
                    0.9122644066810608,
                    -0.4096015691757202,
                    0.0,
                    -5.960464477539063e-08
                ],
                [
                    -0.25921696424484253,
                    -0.5773279070854187,
                    0.7742730379104614,
                    -0.3871365785598755
                ],
                [
                    -0.3171434998512268,
                    -0.7063418626785278,
                    -0.6328514814376831,
                    -2.6835739612579346
                ],
                [
                    0.0,
                    0.0,
                    0.0,
                    1.0
                ]
            ]
        },
        {
            "file_path": "./train/800_train_20",
            "rotation": 0.012566370614359171,
            "transform_matrix": [
                [
                    -0.9681385159492493,
                    -0.2504156231880188,
                    0.0,
                    -0.0
                ],
                [
                    0.05640849471092224,
                    -0.21808238327503204,
                    0.9742988348007202,
                    -0.4871494770050049
                ],
                [
                    -0.24397961795330048,
                    0.9432560801506042,
                    0.22525948286056519,
                    -3.1126298904418945
                ],
                [
                    0.0,
                    0.0,
                    0.0,
                    1.0
                ]
            ]
        },
        {
            "file_path": "./train/800_train_21",
            "rotation": 0.012566370614359171,
            "transform_matrix": [
                [
                    0.8522555828094482,
                    0.5231255888938904,
                    -0.0,
                    -0.0
                ],
                [
                    0.177236407995224,
                    -0.28874656558036804,
                    0.9408574104309082,
                    -0.4704286456108093
                ],
                [
                    0.49218660593032837,
                    -0.8018509745597839,
                    -0.3388027846813202,
                    -2.830598831176758
                ],
                [
                    0.0,
                    0.0,
                    0.0,
                    1.0
                ]
            ]
        },
        {
            "file_path": "./train/800_train_22",
            "rotation": 0.012566370614359171,
            "transform_matrix": [
                [
                    0.7497000098228455,
                    -0.6617778539657593,
                    0.0,
                    -1.1920928955078125e-07
                ],
                [
                    0.3028501868247986,
                    0.3430860936641693,
                    0.8891420364379883,
                    -0.44457101821899414
                ],
                [
                    -0.5884144902229309,
                    -0.6665897965431213,
                    0.4576311707496643,
                    -3.2288153171539307
                ],
                [
                    0.0,
                    0.0,
                    0.0,
                    1.0
                ]
            ]
        },
        {
            "file_path": "./train/800_train_23",
            "rotation": 0.012566370614359171,
            "transform_matrix": [
                [
                    0.7497000098228455,
                    -0.6617778539657593,
                    0.0,
                    -1.1920928955078125e-07
                ],
                [
                    0.3028501868247986,
                    0.3430860936641693,
                    0.8891420364379883,
                    -0.44457101821899414
                ],
                [
                    -0.5884144902229309,
                    -0.6665897965431213,
                    0.4576311707496643,
                    -3.2288153171539307
                ],
                [
                    0.0,
                    0.0,
                    0.0,
                    1.0
                ]
            ]
        },
        {
            "file_path": "./train/800_train_24",
            "rotation": 0.012566370614359171,
            "transform_matrix": [
                [
                    0.5534296035766602,
                    0.8328959941864014,
                    -0.0,
                    1.1920928955078125e-07
                ],
                [
                    0.12237432599067688,
                    -0.0813133642077446,
                    0.989147424697876,
                    -0.494573712348938
                ],
                [
                    0.8238568902015686,
                    -0.5474234223365784,
                    -0.14692629873752594,
                    -2.926536798477173
                ],
                [
                    0.0,
                    0.0,
                    0.0,
                    1.0
                ]
            ]
        },
        {
            "file_path": "./train/800_train_25",
            "rotation": 0.012566370614359171,
            "transform_matrix": [
                [
                    0.5534296035766602,
                    0.8328959941864014,
                    -0.0,
                    1.1920928955078125e-07
                ],
                [
                    0.12237432599067688,
                    -0.0813133642077446,
                    0.989147424697876,
                    -0.494573712348938
                ],
                [
                    0.8238568902015686,
                    -0.5474234223365784,
                    -0.14692629873752594,
                    -2.926536798477173
                ],
                [
                    0.0,
                    0.0,
                    0.0,
                    1.0
                ]
            ]
        },
        {
            "file_path": "./train/800_train_26",
            "rotation": 0.012566370614359171,
            "transform_matrix": [
                [
                    0.04775901511311531,
                    -0.9988588094711304,
                    0.0,
                    -1.4901161193847656e-08
                ],
                [
                    0.6983997225761414,
                    0.03339299187064171,
                    0.714928388595581,
                    -0.3574643135070801
                ],
                [
                    -0.7141125798225403,
                    -0.03414427861571312,
                    0.6991976499557495,
                    -3.3495988845825195
                ],
                [
                    0.0,
                    0.0,
                    0.0,
                    1.0
                ]
            ]
        },
        {
            "file_path": "./train/800_train_27",
            "rotation": 0.012566370614359171,
            "transform_matrix": [
                [
                    0.9676389098167419,
                    0.2523389756679535,
                    -0.0,
                    -5.960464477539063e-08
                ],
                [
                    0.15925829112529755,
                    -0.6107043623924255,
                    0.7756783366203308,
                    -0.3878391981124878
                ],
                [
                    0.19573388993740082,
                    -0.7505765557289124,
                    -0.6311283707618713,
                    -2.6844358444213867
                ],
                [
                    0.0,
                    0.0,
                    0.0,
                    1.0
                ]
            ]
        },
        {
            "file_path": "./train/800_train_28",
            "rotation": 0.012566370614359171,
            "transform_matrix": [
                [
                    0.9676389098167419,
                    0.2523389756679535,
                    -0.0,
                    -5.960464477539063e-08
                ],
                [
                    0.15925829112529755,
                    -0.6107043623924255,
                    0.7756783366203308,
                    -0.3878391981124878
                ],
                [
                    0.19573388993740082,
                    -0.7505765557289124,
                    -0.6311283707618713,
                    -2.6844358444213867
                ],
                [
                    0.0,
                    0.0,
                    0.0,
                    1.0
                ]
            ]
        },
        {
            "file_path": "./train/800_train_29",
            "rotation": 0.012566370614359171,
            "transform_matrix": [
                [
                    -0.16036836802959442,
                    0.987057089805603,
                    0.0,
                    -0.0
                ],
                [
                    -0.9139758944511414,
                    -0.14849478006362915,
                    0.37761998176574707,
                    -0.18881011009216309
                ],
                [
                    0.37273257970809937,
                    0.06055831536650658,
                    0.9259605407714844,
                    -3.462979793548584
                ],
                [
                    0.0,
                    0.0,
                    0.0,
                    1.0
                ]
            ]
        },
        {
            "file_path": "./train/800_train_30",
            "rotation": 0.012566370614359171,
            "transform_matrix": [
                [
                    0.8772282004356384,
                    0.480073481798172,
                    -0.0,
                    1.1920928955078125e-07
                ],
                [
                    0.14673453569412231,
                    -0.26812493801116943,
                    0.9521437287330627,
                    -0.47607192397117615
                ],
                [
                    0.4570990204811096,
                    -0.8352474570274353,
                    -0.30565014481544495,
                    -2.847174644470215
                ],
                [
                    0.0,
                    0.0,
                    0.0,
                    1.0
                ]
            ]
        },
        {
            "file_path": "./train/800_train_31",
            "rotation": 0.012566370614359171,
            "transform_matrix": [
                [
                    0.8772282004356384,
                    0.480073481798172,
                    -0.0,
                    1.1920928955078125e-07
                ],
                [
                    0.14673453569412231,
                    -0.26812493801116943,
                    0.9521437287330627,
                    -0.47607192397117615
                ],
                [
                    0.4570990204811096,
                    -0.8352474570274353,
                    -0.30565014481544495,
                    -2.847174644470215
                ],
                [
                    0.0,
                    0.0,
                    0.0,
                    1.0
                ]
            ]
        },
        {
            "file_path": "./train/800_train_32",
            "rotation": 0.012566370614359171,
            "transform_matrix": [
                [
                    -0.8690266013145447,
                    -0.49476534128189087,
                    0.0,
                    5.960464477539063e-08
                ],
                [
                    0.32199302315711975,
                    -0.5655620098114014,
                    0.7592494487762451,
                    -0.3796248435974121
                ],
                [
                    -0.3756503164768219,
                    0.6598079800605774,
                    0.6507994532585144,
                    -3.3253989219665527
                ],
                [
                    0.0,
                    0.0,
                    0.0,
                    1.0
                ]
            ]
        },
        {
            "file_path": "./train/800_train_33",
            "rotation": 0.012566370614359171,
            "transform_matrix": [
                [
                    -0.6838719844818115,
                    -0.7296019792556763,
                    0.0,
                    5.960464477539063e-08
                ],
                [
                    0.6032395362854004,
                    -0.5654296875,
                    0.5624865293502808,
                    -0.2812432050704956
                ],
                [
                    -0.41039130091667175,
                    0.3846687972545624,
                    0.826806366443634,
                    -3.413403034210205
                ],
                [
                    0.0,
                    0.0,
                    0.0,
                    1.0
                ]
            ]
        },
        {
            "file_path": "./train/800_train_34",
            "rotation": 0.012566370614359171,
            "transform_matrix": [
                [
                    -0.11604467779397964,
                    -0.9932438731193542,
                    0.0,
                    -0.0
                ],
                [
                    -0.6667757630348206,
                    0.07790209352970123,
                    0.7411754727363586,
                    -0.3705878257751465
                ],
                [
                    -0.7361682057380676,
                    0.08600949496030807,
                    -0.6713111996650696,
                    -2.664344310760498
                ],
                [
                    0.0,
                    0.0,
                    0.0,
                    1.0
                ]
            ]
        },
        {
            "file_path": "./train/800_train_35",
            "rotation": 0.012566370614359171,
            "transform_matrix": [
                [
                    -0.11604467779397964,
                    -0.9932438731193542,
                    0.0,
                    -0.0
                ],
                [
                    -0.6667757630348206,
                    0.07790209352970123,
                    0.7411754727363586,
                    -0.3705878257751465
                ],
                [
                    -0.7361682057380676,
                    0.08600949496030807,
                    -0.6713111996650696,
                    -2.664344310760498
                ],
                [
                    0.0,
                    0.0,
                    0.0,
                    1.0
                ]
            ]
        },
        {
            "file_path": "./train/800_train_36",
            "rotation": 0.012566370614359171,
            "transform_matrix": [
                [
                    -0.2764737010002136,
                    0.9610214829444885,
                    0.0,
                    -5.960464477539063e-08
                ],
                [
                    0.8346653580665588,
                    0.24012264609336853,
                    0.49565589427948,
                    -0.24782800674438477
                ],
                [
                    0.47633597254753113,
                    0.13703583180904388,
                    -0.8685189485549927,
                    -2.5657405853271484
                ],
                [
                    0.0,
                    0.0,
                    0.0,
                    1.0
                ]
            ]
        },
        {
            "file_path": "./train/800_train_37",
            "rotation": 0.012566370614359171,
            "transform_matrix": [
                [
                    0.8067674040794373,
                    0.590869128704071,
                    -0.0,
                    -0.0
                ],
                [
                    0.4699523448944092,
                    -0.6416687369346619,
                    0.6061403155326843,
                    -0.30307018756866455
                ],
                [
                    0.35814958810806274,
                    -0.48901423811912537,
                    -0.7953577637672424,
                    -2.6023213863372803
                ],
                [
                    0.0,
                    0.0,
                    0.0,
                    1.0
                ]
            ]
        },
        {
            "file_path": "./train/800_train_38",
            "rotation": 0.012566370614359171,
            "transform_matrix": [
                [
                    -0.959882378578186,
                    -0.2804030776023865,
                    0.0,
                    -5.960464477539063e-08
                ],
                [
                    0.12551696598529816,
                    -0.42967259883880615,
                    0.8942186832427979,
                    -0.4471094608306885
                ],
                [
                    -0.2507416605949402,
                    0.8583446741104126,
                    0.44763046503067017,
                    -3.223815441131592
                ],
                [
                    0.0,
                    0.0,
                    0.0,
                    1.0
                ]
            ]
        },
        {
            "file_path": "./train/800_train_39",
            "rotation": 0.012566370614359171,
            "transform_matrix": [
                [
                    0.661312460899353,
                    0.7501105070114136,
                    -0.0,
                    -0.0
                ],
                [
                    -0.4647158980369568,
                    0.4097028374671936,
                    0.7849729061126709,
                    -0.39248645305633545
                ],
                [
                    0.5888164639472961,
                    -0.5191124081611633,
                    0.6195299029350281,
                    -3.3097646236419678
                ],
                [
                    0.0,
                    0.0,
                    0.0,
                    1.0
                ]
            ]
        },
        {
            "file_path": "./train/800_train_40",
            "rotation": 0.012566370614359171,
            "transform_matrix": [
                [
                    0.7753345966339111,
                    -0.6315506100654602,
                    0.0,
                    -1.1920928955078125e-07
                ],
                [
                    -0.46000030636787415,
                    -0.5647277235984802,
                    0.6851876974105835,
                    -0.342593789100647
                ],
                [
                    -0.4327307343482971,
                    -0.5312498211860657,
                    -0.728366494178772,
                    -2.635817050933838
                ],
                [
                    0.0,
                    0.0,
                    0.0,
                    1.0
                ]
            ]
        },
        {
            "file_path": "./train/800_train_41",
            "rotation": 0.012566370614359171,
            "transform_matrix": [
                [
                    0.9739714860916138,
                    0.22667059302330017,
                    -0.0,
                    -0.0
                ],
                [
                    0.030720174312591553,
                    -0.13200025260448456,
                    0.9907735586166382,
                    -0.4953867793083191
                ],
                [
                    0.22457921504974365,
                    -0.9649851322174072,
                    -0.1355278342962265,
                    -2.9322361946105957
                ],
                [
                    0.0,
                    0.0,
                    0.0,
                    1.0
                ]
            ]
        },
        {
            "file_path": "./train/800_train_42",
            "rotation": 0.012566370614359171,
            "transform_matrix": [
                [
                    0.39730969071388245,
                    0.9176844358444214,
                    -0.0,
                    5.960464477539063e-08
                ],
                [
                    0.6443806290626526,
                    -0.27898332476615906,
                    0.7119981646537781,
                    -0.3559989929199219
                ],
                [
                    0.6533898115158081,
                    -0.2828838527202606,
                    -0.7021810412406921,
                    -2.648909091949463
                ],
                [
                    0.0,
                    0.0,
                    0.0,
                    1.0
                ]
            ]
        },
        {
            "file_path": "./train/800_train_43",
            "rotation": 0.012566370614359171,
            "transform_matrix": [
                [
                    0.39730969071388245,
                    0.9176844358444214,
                    -0.0,
                    5.960464477539063e-08
                ],
                [
                    0.6443806290626526,
                    -0.27898332476615906,
                    0.7119981646537781,
                    -0.3559989929199219
                ],
                [
                    0.6533898115158081,
                    -0.2828838527202606,
                    -0.7021810412406921,
                    -2.648909091949463
                ],
                [
                    0.0,
                    0.0,
                    0.0,
                    1.0
                ]
            ]
        },
        {
            "file_path": "./train/800_train_44",
            "rotation": 0.012566370614359171,
            "transform_matrix": [
                [
                    -0.8927650451660156,
                    0.45052266120910645,
                    0.0,
                    5.960464477539063e-08
                ],
                [
                    0.26823440194129944,
                    0.5315388441085815,
                    0.803440511226654,
                    -0.40172040462493896
                ],
                [
                    0.36196812987327576,
                    0.7172835469245911,
                    -0.5953848958015442,
                    -2.7023069858551025
                ],
                [
                    0.0,
                    0.0,
                    0.0,
                    1.0
                ]
            ]
        },
        {
            "file_path": "./train/800_train_45",
            "rotation": 0.012566370614359171,
            "transform_matrix": [
                [
                    -0.8927650451660156,
                    0.45052266120910645,
                    0.0,
                    5.960464477539063e-08
                ],
                [
                    0.26823440194129944,
                    0.5315388441085815,
                    0.803440511226654,
                    -0.40172040462493896
                ],
                [
                    0.36196812987327576,
                    0.7172835469245911,
                    -0.5953848958015442,
                    -2.7023069858551025
                ],
                [
                    0.0,
                    0.0,
                    0.0,
                    1.0
                ]
            ]
        },
        {
            "file_path": "./train/800_train_46",
            "rotation": 0.012566370614359171,
            "transform_matrix": [
                [
                    -0.18226078152656555,
                    -0.9832502007484436,
                    0.0,
                    -0.0
                ],
                [
                    0.7841546535491943,
                    -0.14535531401634216,
                    0.6033019423484802,
                    -0.3016510009765625
                ],
                [
